90091831296
92072069328
90080593684
85102036386
89120332415
00240246989
95121362179
77110614258
79021914922
76060374328
94011142598
72121127216
06292686632
74101861435
52030653934
82080417293
04261664249
83122366346
77101997599
74110317167
67021623517
98021396736
72070254816
52012979841
89071712173
08260493884
97061459687
63111277895
62040327334
09321965719
97100146138
98092881524
92041795962
94101598247
82121014113
66021675357
96060273359
02281158991
81070194851
88112287654
91081839436
55060986917
80041395763
58110483772
09220319783
53032853568
00272869684
59120288788
57040372996
98120818184
67120551412
82122972913
99070425987
96102067818
06251096463
00222229531
64041829877
52012813475
89072083953
99091354583
89021653952
55022166988
01300955283
05261198718
96072986612
88021453517
76070444341
69123032246
85050693219
75122513811
56040323346
81012642868
67052367941
61070659257
89041264981
50100443216
75021683718
70101465938
85060354812
68021472125
83090696366
80042278724
62040232168
82060987297
01220161377
96123147582
89070462499
55110711588
01301578658
78112741577
83072078397
65021323451
09322512644
00241034439
95091298188
06272045949
01262372278
02311868173
08251465687
68031126223
